product_name,sooth,moisture,cost,wrinkle,oil,whiten
[증량]닥터지 레드 블레미쉬 클리어 수딩크림 기획 (본품70ml+30ml 추가 증정) ,47.31,29.03,11.83,1.08,10.22,0.54
에스트라 아토베리어365 크림 80ml 짝꿍기획 (+하이드로에센스 40ml 증정),25.25,50.51,6.0600000000000005,2.02,16.16,0.0
[단독][1+1] 크리니크 쏙보습크림 50ml 1+1 기획세트 (+애슝 스티커 증정),14.29,57.14,0.0,14.29,0.0,14.29
"라로슈포제 시카플라스트 밤B5 100ml 기획(+시카 세럼 10ml,에빠끌라폼15ml)",49.519999999999996,22.6,11.06,0.0,12.5,4.33
[오원Pick] 닥터자르트 시카페어 크림(50ml+25ml)  한정세트,42.57,16.830000000000002,21.78,5.94,5.94,6.93
[단독최대용량]밀크터치 서양송악 진정 크림 스페셜세트 (50ml+30ml),27.27,27.27,18.18,0.0,27.27,0.0
[단독기획] 라운드랩 자작나무 수분크림 더블기획 (80ml+80ml),31.71,34.150000000000006,12.2,0.0,21.95,0.0
[특별기획]프리메라 알파인 베리 워터리 크림 50ml(+크림25ml+필링15ml+에센스30ml),46.150000000000006,42.309999999999995,0.0,0.0,11.540000000000001,0.0
피지오겔 DMT 데일리보습 페이셜 크림 민낯보습 기획(150ml+30ml),14.44,62.029999999999994,12.83,1.0699999999999998,9.09,0.53
가히 멀티밤 & 멀티밤 듀오,6.859999999999999,12.8,19.97,55.34,2.59,2.44
브링그린 티트리 시카 수딩 크림 더블 기획 (100ml+100ml),45.519999999999996,17.16,20.150000000000002,0.0,15.67,1.49
[디렉터파이 Pick] 에스네이처 아쿠아 스쿠알란 수분크림 60ml 기획 (60ml+30ml),37.5,28.57,16.07,0.0,16.07,1.79
[단독][1+1] 크리니크 핑크리치크림 50ml 1+1 기획세트 (+애슝 스티커 증정),0.0,0.0,50.0,0.0,0.0,50.0
에스트라 아토베리어365 하이드로 수딩크림 60ml 기획 (+30ml 미니어처 증정),33.33,28.4,27.16,0.0,11.110000000000001,0.0
[한나네PICK] 리얼베리어 인텐스 모이스처 크림 1+1 기획(50ml+50ml+토너50ml),6.25,50.0,6.25,0.0,37.5,0.0
리얼베리어 익스트림 크림 2+1기획 (50ml+50ml+폼50ml),20.18,64.22,10.09,0.0,5.5,0.0
바이오힐보 판테놀시카 블레미쉬크림 TOP기획 (본품75ml+30ml+5ml),34.78,43.480000000000004,7.61,1.09,11.959999999999999,1.09
바이오힐보 비타민 히알루로닉 젤크림 더블기획(70ml x 2),14.29,16.669999999999998,14.29,4.760000000000001,11.899999999999999,38.1
피지오겔 레드수딩 AI 진정보습 크림 (본품100ml+10mlx2 추가 증정),30.69,47.03,4.46,1.9800000000000002,13.86,1.9800000000000002
가히 김고은 멀티밤,8.33,12.959999999999999,14.35,58.330000000000005,4.17,1.8499999999999999
라운드랩 자작나무 수분크림 (본품80ml+20ml 추가 증정),47.370000000000005,17.54,10.530000000000001,3.51,15.790000000000001,5.26
아벤느 시칼파트 플러스 크림 1+1기획 (100ml+100ml),54.05,21.62,2.7,10.81,5.41,5.41
[단독기획] 아비브 부활초 크림 뉴트리션 튜브 75ml 기획 (부활초 크림 30ml 증정),14.29,57.14,5.71,5.71,14.29,2.86
에스트라 에이시카365 수분 진정 크림 60ml 기획(세럼5ml+크림10ml),10.0,50.0,0.0,0.0,40.0,0.0
가히 멀티밤&엑스틴 C밤 기획,0.0,40.0,20.0,40.0,0.0,0.0
피지오겔 레드수딩 시카밸런스 크림50ml 기획(토너15ml+손거울 증정),33.33,40.739999999999995,7.41,0.0,18.52,0.0
바이오힐보 프로바이오덤 리프팅 크림 더블x마사지볼 기획 (50ml+50ml+마사지볼),18.01,13.66,14.91,39.129999999999995,9.32,4.97
[단독기획] 구달 청귤 비타C 잡티케어 크림 75ml 기획 (+크림 10mlx2ea 증정),7.6899999999999995,15.379999999999999,6.15,1.54,6.15,63.080000000000005
[아랑 Pick] 마몽드 바쿠치올 레티놀 크림 기획 60ml+30ml,10.71,32.14,14.29,32.14,0.0,10.71
마몽드 블루 캐모마일 크림 60ml+30ml,41.18,31.369999999999997,9.8,1.96,11.76,3.92
브링그린 사철쑥 카밍 수분 크림 1+1기획 (75ml+75ml),33.94,28.439999999999998,24.77,0.9199999999999999,11.93,0.0
밀크터치 서양송악 진정크림 50ml,20.0,60.0,20.0,0.0,0.0,0.0
라운드랩 약콩 영양 크림 (본품 80ml+20ml 추가 증정),16.669999999999998,44.440000000000005,7.41,11.110000000000001,20.369999999999997,0.0
닥터자르트 세라마이딘 울트라 모이스처 크림 50ml,22.56,56.38999999999999,12.030000000000001,3.7600000000000002,3.7600000000000002,1.5
바이오더마 시카비오 포마드 100ml ,35.77,44.72,5.6899999999999995,1.63,11.379999999999999,0.8099999999999999
[오원Pick] 닥터자르트 시카페어 카밍 젤 크림 80ml (토너 31ml 증정),47.89,15.49,18.310000000000002,1.41,14.08,2.82
[한정기획]라네즈 워터뱅크 블루히알루로닉 크림45mL_중건성(NOVO텀블러+크림 25mL증정),16.669999999999998,46.43,17.86,1.1900000000000002,17.86,0.0
닥터지 더모이스처 배리어 D 인텐스 크림 100ml (토너 30ml 증정),20.0,56.19,7.62,0.0,16.189999999999998,0.0
[한정기획]라네즈 래디언씨 크림 30mL 기획 (+20ml),23.26,20.93,13.950000000000001,2.33,4.65,34.88
리얼베리어 익스트림 크림 50ml 기획(50ml+25ml),35.29,47.06,5.88,0.0,11.76,0.0
[단독기획] 더랩바이블랑두 그린 플라보노이드 3.0 크림 더블기획 (50ml+50ml),56.25,25.0,18.75,0.0,0.0,0.0
[된다Pick] 브링그린 대나무 히알루 수분 크림 더블 기획 (100ml+100ml),24.529999999999998,30.19,16.98,0.0,28.299999999999997,0.0
구달 맑은 어성초 진정 수분크림 75ml (마스크1매+화장솜10매x2ea 증정),50.0,25.0,25.0,0.0,0.0,0.0
피지오겔 레드수딩AI 진정보습 크림 민낯진정 더블기획(50+50ml),30.080000000000002,48.870000000000005,4.51,0.0,14.29,2.26
라로슈포제 시카플라스트 밤 B5 크림 40ml,58.14,25.580000000000002,0.0,0.0,9.3,6.98
[더보이즈 Pick] 라포티셀 판테놀 10% 수딩 크림 75ml,50.0,50.0,0.0,0.0,0.0,0.0
[조효진 PICK] 에뛰드 순정 수분 베리어 크림 트리플 기획(75ml+75ml+75ml),29.310000000000002,34.48,32.76,0.0,3.45,0.0
소본 그린 시카 더마 리페어 크림 40ml,36.0,20.0,32.0,0.0,12.0,0.0
에스트라 아토베리어365 크림 80ml,23.18,53.37,10.51,2.96,8.09,1.8900000000000001
아벤느 시칼파트 플러스 S.O.S 크림 더블기획 (40ml+40ml),56.52,22.830000000000002,5.43,0.0,14.13,1.09
[령령PICK] 토리든 다이브인 저분자 히알루론산 크림 80ml 기획 (크림 20ml 증정),37.04,27.779999999999998,20.369999999999997,0.0,12.959999999999999,1.8499999999999999
[증량] 마녀공장 비피다 속보습 수분크림 (본품 80ml+20mlx2ea 추가 증정),9.520000000000001,47.620000000000005,28.57,4.760000000000001,4.760000000000001,4.760000000000001
[디렉터파이 Pick] 에스네이처 아쿠아 스쿠알란 수분크림 60ml,23.080000000000002,23.080000000000002,38.46,0.0,15.379999999999999,0.0
바이오힐보 세라마이드 워터젤크림 더블기획 (100mlX2),23.26,46.51,16.28,4.65,4.65,4.65
센텔리안24 마데카 멜라 캡처 스틱 듀오 기획,10.0,13.639999999999999,12.73,40.0,5.45,18.18
라로슈포제 똘러리앙 덤알레르고 크림 40ml,0.0,75.0,25.0,0.0,0.0,0.0
[단독기획] 바이오더마 아토덤 인텐시브 밤 200ml ,23.64,61.82,10.91,0.0,3.64,0.0
라로슈포제 시카플라스트 밤 B5 크림 100ml,18.18,27.27,18.18,9.09,9.09,18.18
[단독기획] 구달 살구 콜라겐 탄력 크림 더블기획 (50ml+50ml),26.76,21.13,22.54,14.08,11.27,4.2299999999999995
닥터디퍼런트 비타리프트 에이 포르테 20g,8.7,10.870000000000001,23.91,50.0,0.0,6.52
[아이브 레이 pick]보나쥬르 그린티 워터밤 비건 수분크림 100ml (온),20.0,40.0,20.0,20.0,0.0,0.0
웰라쥬 리얼 시카카밍 95 크림 80ml,50.6,16.869999999999997,14.46,0.0,18.07,0.0
이너프 프로젝트 수분 크림 100ml,16.669999999999998,23.330000000000002,20.0,10.0,10.0,20.0
빌리프 더 트루 크림 아쿠아 밤 75ml,0.0,0.0,100.0,0.0,0.0,0.0
[단독기획] 유리아쥬 배리어덤 시카 데일리 젤크림 40ml (시카 토너 50ml 증정),48.61,33.33,11.110000000000001,0.0,6.94,0.0
바이오힐보 판테놀시카 블레미쉬 크림 (본품75ml+30ml 증정),55.379999999999995,24.62,1.54,4.62,10.77,3.08
"[디렉터파이 Pick] 아이소이 속보습, 100시간 장수진 수분크림 (본품70ml+30ml 추가 증정)",39.290000000000006,42.86,7.140000000000001,0.0,10.71,0.0
바이오힐보 판테놀시카 배리어크림 더블용량 기획 100ml,28.57,14.29,28.57,0.0,14.29,14.29
라운드랩 1025 독도 크림 (본품 80ml+20ml 추가 증정),25.0,60.0,5.0,0.0,5.0,5.0
아벤느 이드랑스 아쿠아 크림인젤 50ml,32.5,22.5,22.5,7.5,12.5,2.5
[추가증정]닥터디퍼런트 시카 메탈 크림 50g 기획 세트(본품+20g+패드6ea),39.39,22.73,33.33,1.52,1.52,1.52
[단독기획] 구달 청귤 비타C 잡티 톤업 크림 (본품50ml+5ml+세럼 5ml 증정),40.35,1.7500000000000002,5.26,1.7500000000000002,8.77,42.11
브링그린 티트리 시카 수딩 크림 100ml,56.34,21.13,11.27,0.0,9.86,1.41
[문가영 Pick] 더마펌 울트라 수딩 하이드라 크림 R4 50ml (수분진정),22.86,57.14,8.57,0.0,11.43,0.0
메디큐브 슈퍼시카 크림 50ml,57.14,28.57,0.0,0.0,14.29,0.0
피지오겔 DMT 페이셜 크림 150ml,13.86,56.44,18.81,0.0,10.89,0.0
피지오겔 DMT 인텐시브크림 100ml,15.0,47.5,15.0,0.0,22.5,0.0
[민스코 Pick] 닥터자르트 포어레미디 스무딩 프라이머 (본품30ml+15ml 추가 증정),40.0,0.0,20.0,20.0,20.0,0.0
[단독기획] 아이소이 탄력크림EX 30ml+탄력스팟 25ml+탄력마스크 1매 ,33.33,0.0,0.0,50.0,0.0,16.669999999999998
싸이닉 더 심플 릴리프 수분크림 더블 기획 (80ml+80ml),36.36,34.089999999999996,11.360000000000001,2.27,15.909999999999998,0.0
차앤박 하이드로세라 인텐스크림 50ml,0.0,50.0,0.0,0.0,50.0,0.0
셀퓨전씨 레이저 리쥬버네이션 크림 (본품 50ml+20ml 추가 증정),39.01,42.309999999999995,8.790000000000001,4.95,4.95,0.0
라운드어라운드 편백 블레미쉬 크림 80ml,66.67,33.33,0.0,0.0,0.0,0.0
리얼베리어 익스트림 크림 기획 (50ml+20ml),0.0,100.0,0.0,0.0,0.0,0.0
가히 아이밤,2.94,14.71,17.65,55.879999999999995,8.82,0.0
[NEW] 바이오더마 아토덤 인텐시브 젤 크림 200ml ,0.0,66.67,0.0,0.0,33.33,0.0
닥터디퍼런트 113 모이스처라이저 100ml,42.86,28.57,14.29,0.0,14.29,0.0
[지안씨 Pick] 스킨앤랩 베리어덤 인텐시브 크림 2세대 50ml,21.82,58.18,12.73,0.0,7.2700000000000005,0.0
브링그린 사철쑥 카밍 수분 크림 기획 (본품75ml+수분크림20ml 증정),28.57,42.86,21.43,0.0,7.140000000000001,0.0
헤이네이처 어성초 크림 80g,0.0,33.33,66.67,0.0,0.0,0.0
리얼베리어 아쿠아 수딩 크림 50ml,50.0,30.769999999999996,3.85,0.0,15.379999999999999,0.0
[단독기획] 씨케이디 레티노콜라겐 저분자 300 크림 40ml 기획 (40ml+10ml) ,10.13,11.39,12.659999999999998,51.9,8.86,5.06
피지오겔 레드수딩 AI 진정보습 크림 50ml,48.72,35.9,0.0,0.0,15.379999999999999,0.0
[NEW]아벤느 클리낭스 아쿠아 크림인젤 50ml 기획(+클리낭스 클렌징 젤 100ml 증정) *수분진정 *피부쿨링,25.0,33.33,8.33,0.0,33.33,0.0
믹순 콩 크림 50ml,34.150000000000006,41.46,4.88,0.0,19.509999999999998,0.0
아이디얼 포맨 시카수분크림 75ml,46.67,13.33,6.67,6.67,20.0,6.67
이즈앤트리 히아루론산 아쿠아 젤 크림 100ml,24.0,28.000000000000004,20.0,0.0,28.000000000000004,0.0
스킨푸드 캐롯 카로틴 릴리프 크림 55ml,16.669999999999998,16.669999999999998,33.33,0.0,33.33,0.0
AHC 에이치 멜라루트 크림 (본품50ml+10ml 증정),11.43,14.29,11.43,22.86,8.57,31.430000000000003
차앤박 프로폴리스 앰플 액티브 크림 기획,25.0,0.0,25.0,0.0,50.0,0.0
나인위시스 하이드라 앰플 크림 기획 (50ml+30ml),20.830000000000002,33.33,8.33,8.33,20.830000000000002,8.33
[한정기획] 리얼베리어 익스트림 크림 75ml 대용량,25.929999999999996,55.559999999999995,16.669999999999998,0.0,1.8499999999999999,0.0
싸이닉 콜라겐 앰플 스틱 더블 기획,13.41,13.41,21.95,46.339999999999996,2.44,2.44
피지오겔 레드수딩 AI 진정보습 크림 100ml,25.0,25.0,25.0,0.0,25.0,0.0
스킨푸드 로열허니 착한 수분 크림,9.520000000000001,33.33,47.620000000000005,0.0,9.520000000000001,0.0
마몽드 프로바이오틱스 세라마이드크림 60ml+30ml,42.86,40.82,2.04,2.04,12.24,0.0
수려한 보윤 크림 (본품50ml+25ml 추가 증정),100.0,0.0,0.0,0.0,0.0,0.0
[증정] 아워비건 어성초 시카 크림 (본품100ml+10mlx2 추가 증정),33.33,33.33,16.669999999999998,0.0,16.669999999999998,0.0
바이오더마 시카비오 데이 리페어 크림 30ml 기획,46.150000000000006,17.31,15.379999999999999,0.0,17.31,3.85
가히 엑스틴C밤,10.2,9.180000000000001,31.630000000000003,17.349999999999998,6.12,25.509999999999998
차앤박 히알루로닉 더마텐션 크림 (본품50ml+31ml*2 증정),15.379999999999999,30.769999999999996,15.379999999999999,23.080000000000002,15.379999999999999,0.0
크리니크 모이스춰 써지 100시간 오토-리플레니싱 하이드레이터 50ml,38.24,52.94,8.82,0.0,0.0,0.0
앰플엔 펩타이드샷 앰플 투엑스 100ml,0.0,50.0,50.0,0.0,0.0,0.0
에뛰드 순정 판텐소사이드 10 시카밤 (50ml+30ml),52.629999999999995,39.47,5.26,0.0,2.63,0.0
[오원Pick] 닥터자르트 시카페어 크림 50ml (토너 31ml 증정) ,43.18,20.45,34.089999999999996,0.0,2.27,0.0
닥터디퍼런트 비타아크날TX 나이트크림 더블 기획 (20g+20g),43.59,0.0,7.6899999999999995,25.64,12.82,10.26
가히 키스틴밤,0.0,83.33,16.669999999999998,0.0,0.0,0.0
폴라초이스 리지스트 베리어 모이스처라이저 50ml,66.67,16.669999999999998,0.0,16.669999999999998,0.0,0.0
센텔리안24 더 마데카 크림 50ml 기획(15ml*2ea추가증정),22.12,30.769999999999996,20.19,16.35,3.85,6.7299999999999995
더랩바이블랑두 올리고 히알루론산 카밍 + 크림 (본품80ml+20ml 추가 증정),30.43,39.129999999999995,15.939999999999998,0.0,14.49,0.0
[한정기획] 한율 어린쑥수분진정크림 핸드크림추가기획(50ml+25ml+시트1매+핸드크림50ml),35.589999999999996,30.509999999999998,15.25,0.0,18.64,0.0
한율 어린쑥수분진정크림 (본품50ml+25ml+마스크팩1매 증정),36.36,45.45,13.639999999999999,0.0,4.55,0.0
미샤 아텔로콜라겐500 파워풀럼핑크림 40ml,11.360000000000001,20.45,2.27,52.27,9.09,4.55
라운드어라운드 그린티 약산성 마일드 수분크림 80ml,40.0,13.33,26.669999999999998,0.0,20.0,0.0
[단독기획] 프리메라 워터리젤크림 50ml 기획(본품+필링 30ml+씨드에센스30ml+워터리미스트50ml),12.5,50.0,31.25,6.25,0.0,0.0
바이오힐보 프로바이오덤 리프팅 크림X마사저 기획(크림+마사저)(2202),15.620000000000001,32.81,12.5,25.0,9.379999999999999,4.6899999999999995
케어존 아큐어 트러블 진정크림 75ml (아크네폼 31ml 증정),71.43,11.43,5.71,0.0,11.43,0.0
셀퓨전씨 포스트 알파 아쿠아포린 크림 60ml,46.67,46.67,6.67,0.0,0.0,0.0
아벤느 똘레랑스 컨트롤 크림 40ml 기획,45.0,40.0,7.5,2.5,5.0,0.0
아크웰 리얼 아쿠아 밸런싱 크림 기획 (50ml+10ml+앰플5ml),80.0,0.0,0.0,0.0,20.0,0.0
에스트라 아토베리어365 크림 더블 기획,12.0,64.0,14.000000000000002,0.0,10.0,0.0
CNP 프로폴리스 앰플 액티브 크림 기획(2201)(50ml+31ml*2ea),6.67,73.33,13.33,0.0,6.67,0.0
피지오겔 DMT 데일리보습 페이셜 크림 (본품150ml+5mlx3ea 추가 증정),7.5,65.0,10.0,2.5,12.5,2.5
피지오겔 DMT 데일리보습 페이셜 크림 150ml 기획 (+DMT 크림 5ml*3ea 증정),7.140000000000001,50.0,28.57,0.0,14.29,0.0
아비브 하이드레이션 크림 워터튜브 75ml,0.0,100.0,0.0,0.0,0.0,0.0
셀퓨전씨 약산성 패리어 수분 크림 80ml,0.0,0.0,100.0,0.0,0.0,0.0
아벤느 에이-옥시티브 항산화 크림 30ml,0.0,0.0,0.0,0.0,100.0,0.0
라끄베르 헬로히알루론 올인원크림 100ml 1+1 기획,20.0,40.0,40.0,0.0,0.0,0.0
유세린 우레아 리페어 크림 50ml,20.0,40.0,0.0,0.0,40.0,0.0
에스트라 에이시카365 수분 진정 크림 60ml,33.33,45.0,6.67,0.0,15.0,0.0
브링그린 사철쑥 카밍 리페어 크림 1+1기획 (75ml+75ml),24.63,42.54,20.150000000000002,5.220000000000001,3.73,3.73
유이라 씨 더 매직 톤업 크림 50ml,0.0,0.0,0.0,50.0,50.0,0.0
[단독기획] 미샤 수퍼아쿠아 울트라 히알론크림 70ml,22.73,45.45,9.09,9.09,4.55,9.09
유리아쥬 오 떼르말 워터 크림 40ml,20.0,40.0,40.0,0.0,0.0,0.0
[증량] 더마토리 프로 히알샷 물광 수분크림 100ml,0.0,100.0,0.0,0.0,0.0,0.0
코스알엑스 퓨어 핏 시카 크림 50ml,31.430000000000003,22.86,25.71,0.0,20.0,0.0
DR다룸 베리어 크림 75ml,43.75,33.33,8.33,0.0,14.580000000000002,0.0
브링그린 사철쑥 카밍 리페어 크림 75ml,55.559999999999995,33.33,5.56,0.0,5.56,0.0
바이오힐보 프로바이오덤 리프팅 콜라겐스틱10g,2.08,16.669999999999998,14.580000000000002,62.5,2.08,2.08
아워 비건 어성초 98 시카 세럼 100ml,63.63999999999999,27.27,9.09,0.0,0.0,0.0
하다라보 고쿠쥰 크림 50ml (N),16.669999999999998,66.67,16.669999999999998,0.0,0.0,0.0
[단독기획] 앰플엔 펩타이드샷 앰플 투엑스 30ml + 10ml,0.0,0.0,100.0,0.0,0.0,0.0
스킨알엑스랩 마데세라 크림 15ml,60.529999999999994,23.68,5.26,0.0,10.530000000000001,0.0
듀크레이 덱시안 밀착코팅 장벽크림 400ml,50.0,50.0,0.0,0.0,0.0,0.0
한율 힘찬콩 탄력 크림 60ml,20.830000000000002,37.5,8.33,25.0,8.33,0.0
믹순 기프트 세트 (콩 크림 50ml+ 콩 에센스50ml),0.0,100.0,0.0,0.0,0.0,0.0
파머시 허니 헤일로 울트라 하이드레이팅 세라마이드 크림,50.0,50.0,0.0,0.0,0.0,0.0
빌리프 더 트루 크림 모이스춰라이징 밤 75ml,11.110000000000001,55.559999999999995,16.669999999999998,11.110000000000001,5.56,0.0
플리프 시카-알로에 나이트 리페어 크림 100ml (손상케어/미백주름기능성),0.0,100.0,0.0,0.0,0.0,0.0
피지오겔 DMT 데일리보습 페이셜 크림 75ml 1+1 기획,19.05,42.86,16.669999999999998,2.3800000000000003,16.669999999999998,2.3800000000000003
[강다니엘 Pick]바이오힐보 판테놀시카 블레미쉬크림 더블기획(75ml x 2),37.36,30.769999999999996,10.99,1.0999999999999999,15.379999999999999,4.3999999999999995
블리블리 워터 물광밤 50g,33.33,0.0,66.67,0.0,0.0,0.0
[단독기획] 닥터디퍼런트 비타리프트 에이 20g 기획,36.36,0.0,13.639999999999999,38.64,2.27,9.09
차앤박 아쿠아 수딩 오일 컷 크림 80ml+크림 31ml,0.0,0.0,0.0,0.0,100.0,0.0
플리프 시카-알로에 나이트 리페어 크림 기획 (100ml+30ml),0.0,100.0,0.0,0.0,0.0,0.0
[증량] 차앤박 아쿠아 수딩 젤 크림 160ml,0.0,0.0,66.67,0.0,33.33,0.0
[에스파 Pick] 메디힐 바오밥 수딩 크림 기획 (100ml+40ml),18.75,43.75,37.5,0.0,0.0,0.0
오가나셀 뉴 펩타이드 리커버리 크림 50ml,41.67,20.830000000000002,33.33,4.17,0.0,0.0
차앤박 프로폴리스 앰플 액티브 크림 (본품50ml+31ml+파우치 증정),0.0,75.0,25.0,0.0,0.0,0.0
[NEW]닥터자르트 세라마이딘 엑토인-인퓨즈드 크림 50ml,20.0,44.0,24.0,0.0,12.0,0.0
피지오겔 레드수딩 AI 진정보습 크림 (본품100ml+10mlx2ea 추가 증정),7.140000000000001,64.29,21.43,0.0,7.140000000000001,0.0
비플레인 캐모마일 인텐스 보습 크림 60ml,23.53,76.47,0.0,0.0,0.0,0.0
바비브라운 미니 비타민 인리치드 페이스 베이스 15ml,50.0,0.0,50.0,0.0,0.0,0.0
[더보이즈 PiCK] 라포티셀 징크테놀 밤 70ml,100.0,0.0,0.0,0.0,0.0,0.0
바비브라운 엑스트라 리페어 모이스춰 크림 인텐스 50ml,0.0,0.0,100.0,0.0,0.0,0.0
가히 아쿠아밤&아이밤,0.0,0.0,0.0,50.0,0.0,50.0
[어워즈 한정] 피지오겔 DMT 크림 기획 (본품150ml+30ml+마스크팩1매),0.0,40.0,60.0,0.0,0.0,0.0
[회사원A추천] 시카고 시카 스팟 겔 25g,75.86,3.45,13.79,0.0,6.9,0.0
[단독기획] 한율 힘찬콩 탄력 크림 60ml+7ml+세럼10ml ,100.0,0.0,0.0,0.0,0.0,0.0
★급속진정크림★닥터자르트 시카페어 크림 50ml 1+1 더블기획,38.39,18.75,29.459999999999997,2.68,8.04,2.68
비플레인 캐모마일 인텐스 보습 크림 (본품60ml+크림10ml+토너50ml 증정),28.57,60.709999999999994,10.71,0.0,0.0,0.0
[한정기획] 리얼베리어 익스트림 크림 50ml 기획(+50ml 증정),0.0,100.0,0.0,0.0,0.0,0.0
디어 클레어스 리치 모이스트 수딩 크림 80ml,50.0,50.0,0.0,0.0,0.0,0.0
센텔리안24 마데카 링클 캡처스틱 10g,4.44,6.67,8.89,66.67,4.44,8.89
오가나셀 바이오 액티옴 리커버리 크림 50ml,33.33,33.33,33.33,0.0,0.0,0.0
크리니크 쏙보습크림 1+1 기획세트 (50ml+50ml),27.779999999999998,44.440000000000005,19.439999999999998,0.0,8.33,0.0
[단독기획] 구달 맑은 어성초 진정 수분크림 (본품75ml+50ml+화장솜 10매 증정),59.089999999999996,13.639999999999999,18.18,0.0,9.09,0.0
더랩바이블랑두 그린 플라보노이드 3.0 크림 50ml 기획 (솔루션 50ml 증정),60.0,40.0,0.0,0.0,0.0,0.0
바비브라운 비타민 인리치드 페이스 베이스,0.0,33.33,33.33,0.0,33.33,0.0
DR다룸 베리어 크림 스페셜 기획 (본품75ml+25ml 증정),40.0,60.0,0.0,0.0,0.0,0.0
리얼베리어 인텐스 모이스처 크림 기획 (본품50ml+20ml+폼50ml 증정),40.0,40.0,15.0,0.0,5.0,0.0
피지오겔 DMT 크림 150ml+75ml (본품+클렌징젤 5mlx3+토너 15ml 증정),35.29,47.06,5.88,5.88,5.88,0.0
[NEW] 닥터자르트 세라마이딘 엑토인 인퓨즈드 크림 (본품50ml+5mlx2+리퀴드10ml 증정),16.669999999999998,50.0,33.33,0.0,0.0,0.0
[증량] 셀퓨전씨 약산성 패리어 크림 (본품55ml+30ml+토너 50ml 증정),21.88,56.25,6.25,3.1199999999999997,12.5,0.0
피지오겔 DMT 데일리보습 페이셜 크림 트리플 기획 (75mlx3ea),0.0,100.0,0.0,0.0,0.0,0.0
이즈앤트리 어니언 뉴페어 겔크림 50ml,71.43,9.520000000000001,14.29,0.0,4.760000000000001,0.0
차앤박 팜알엑스 수퍼그린스 쿨링젤 90ml,33.33,16.669999999999998,33.33,0.0,16.669999999999998,0.0
셀비엔 구급크림 300ml,33.33,33.33,33.33,0.0,0.0,0.0
유리아쥬 오 떼르말 워터 젤 크림 40ml,0.0,100.0,0.0,0.0,0.0,0.0
유세린 울트라 센시티브 리페어 크림 50ml,20.0,40.0,0.0,0.0,40.0,0.0
눅스 에너지 부스트 나이트 리커버리밤 50ml,0.0,50.0,50.0,0.0,0.0,0.0
더마리프트 인텐시덤 컨센트레이트 크림 기획세트 50ml,0.0,100.0,0.0,0.0,0.0,0.0
에르쯔틴 리제너레이티브 실트 크림 50g,50.0,0.0,0.0,50.0,0.0,0.0
코스알엑스 하이드리움 그린티 아쿠아 수딩 젤 크림 50ml,0.0,66.67,0.0,0.0,33.33,0.0
비오템 아쿠아수르스 수분 젤 크림 50ml,11.110000000000001,33.33,44.440000000000005,0.0,11.110000000000001,0.0
비오템 아쿠아수르스 수분 젤 크림 50ml 세트,0.0,33.33,33.33,0.0,33.33,0.0
한율 빨간쌀 진액보습크림 50ml,17.65,64.71000000000001,5.88,5.88,0.0,5.88
네이처카인드 하이드로 메가 히알루론 크림 500g,0.0,100.0,0.0,0.0,0.0,0.0
제니하우스 트러플 퍼밍 크림 50ml,0.0,0.0,0.0,100.0,0.0,0.0
오리진스 진징 울트라 에너지 부스팅 크림 50ml,16.669999999999998,16.669999999999998,50.0,0.0,16.669999999999998,0.0
아벤느 시칼파트 플러스 S.O.S 크림 100ml,45.0,20.0,30.0,0.0,5.0,0.0
라로슈포제 시카플라스트밤B5 100ml 시카습관 기획 (+리피카 바디밀크 15ml + 메모지 증정),84.21,15.790000000000001,0.0,0.0,0.0,0.0
센텔리안24 마데카크림 하이드라3X 포뮬러 3개 기획(50ml*3),25.0,50.0,25.0,0.0,0.0,0.0
메이크프렘 리프팅 미 리포좀 퍼밍 크림50ml,28.57,19.05,4.760000000000001,38.1,9.520000000000001,0.0
눅스 레브드미엘 슈퍼밤 40ml,0.0,0.0,66.67,33.33,0.0,0.0
비욘드 엔젤아쿠아 수분크림 더블 기획 (150ml+150ml),22.86,28.57,38.57,0.0,10.0,0.0
엠브리올리스 엠브리오덤 75ml,50.0,25.0,25.0,0.0,0.0,0.0
에스트라 리제덤365 리페어링클크림 50g,0.0,0.0,50.0,50.0,0.0,0.0
에스트라 리제덤365 리페어시그니처크림 50ml,11.110000000000001,33.33,22.220000000000002,33.33,0.0,0.0
[끝장크림] 시카고 시카 피니쉬 크림 50ml ,66.67,33.33,0.0,0.0,0.0,0.0
달팡 하이드라스킨 리치 크림 50ml ,0.0,25.0,25.0,0.0,50.0,0.0
달팡 하이드라스킨 라이트 크림 50ml,28.57,14.29,28.57,0.0,28.57,0.0
달팡 인트랄 리커버리 크림 50ml,0.0,100.0,0.0,0.0,0.0,0.0
땡큐파머 트루워터 딥 모이스처크림 EX 80ml,37.5,50.0,0.0,0.0,12.5,0.0
메이크프렘 월간수분ZIP 기획 (크림 80ml+토너 100ml+폼 50ml),0.0,0.0,0.0,0.0,100.0,0.0
파티온 아쿠아 바이옴 카밍크림 기획 (50ml+10ml+앰플5ml),100.0,0.0,0.0,0.0,0.0,0.0
바이오더마 세비엄 센서티브 30ml,75.0,0.0,16.669999999999998,0.0,8.33,0.0
듀크레이 케라크닐 케라크닐 PP + 젤 기획,80.0,0.0,20.0,0.0,0.0,0.0
에스테덤 셀룰러 워터 크림 50ml,8.33,58.330000000000005,8.33,25.0,0.0,0.0
피지오겔 DMT 데일리보습 페이셜 크림 75ml 트리플 기프트 세트(2205),0.0,33.33,66.67,0.0,0.0,0.0
나인위시스 VB 톤업 얼티밋 더블 기획 (30ml+30ml),37.5,12.5,6.25,12.5,0.0,31.25
땡큐파머 강화교동쌀 맑음 젤안에 크림80ml,32.5,20.0,5.0,0.0,5.0,37.5
라네즈 피토알렉신 앰플&크림 기획,36.67,33.33,10.0,3.3300000000000005,16.669999999999998,0.0
아벤느 리바이탈라이징 너리싱크림 50ml,16.669999999999998,16.669999999999998,33.33,16.669999999999998,16.669999999999998,0.0
바이오힐보 프로바이오덤 리프팅 크림 (본품50ml+앰플7ml+7ml 증정),13.83,13.83,3.19,51.06,9.569999999999999,8.51
바이오힐보 판테놀시카 배리어 크림 (본품50ml+클렌저30ml 증정),40.699999999999996,34.88,12.790000000000001,2.33,4.65,4.65
owndo 구절초 수분 진정 앰플크림 55g,66.67,0.0,33.33,0.0,0.0,0.0
아비브 부활초 크림 뉴트리션 튜브 75ml,10.0,20.0,20.0,40.0,10.0,0.0
[한정수량]닥터자르트 시카페어 카밍 젤 크림 80ml 기획,42.11,26.32,31.580000000000002,0.0,0.0,0.0
[단독기획] 땡큐파머 트루 워터 딥 세럼 EX (본품60ml+20ml 추가 증정),16.669999999999998,56.67,16.669999999999998,0.0,6.67,3.3300000000000005
[단독기획]닥터지 레드블레미쉬 클리어 수딩 크림 트리플 기획 (50ml+50ml+50ml),52.94,23.53,17.65,0.0,5.88,0.0
피지오겔 레드수딩 AI 라이트 크림 50ml,31.25,35.42,10.42,0.0,22.919999999999998,0.0
[증량] 케어존 노르데나우워터 샤워세럼 150ml ,50.0,16.669999999999998,33.33,0.0,0.0,0.0
케어존 노르데나우워터 젤크림 더블 기획 (50ml+50ml),100.0,0.0,0.0,0.0,0.0,0.0
케어존 노르데나우워터 크림 더블 기획 (50ml+50ml),0.0,0.0,0.0,0.0,100.0,0.0
리우젤 하이드 레이팅 페이스 모이스처 라이저 3.38oz (100ml),0.0,33.33,0.0,0.0,66.67,0.0
라네즈 피토알렉신 크림 (본품60ml+15ml 추가 증정),33.33,47.06,9.8,0.0,9.8,0.0
헤라 옴므 베이직 스페셜 2종 세트,0.0,0.0,100.0,0.0,0.0,0.0
씨케이디 레티노콜라겐 저분자 300 퍼스트에센스 150ml ,33.96,11.32,11.32,33.96,0.0,9.43
구달 청귤 비타C 크림 50ml (아이크림15ml 증정),19.509999999999998,17.07,4.88,2.44,12.2,43.9
[단독기획] 씨케이디 레티노콜라겐 저분자 300 집중크림 25ml기획(25ml+10ml),12.31,13.850000000000001,6.15,60.0,4.62,3.08
시타 인텐시브 포뮬러 페이셜 수분크림,33.33,50.0,16.669999999999998,0.0,0.0,0.0
시타 데일리 포뮬러 페이셜 수분크림,20.0,20.0,56.00000000000001,0.0,4.0,0.0
생블랑쉬 바이탈부스트크림 30ml,14.29,33.33,9.520000000000001,23.810000000000002,0.0,19.05
아벤느 시칼파트 블루젤 40ml,100.0,0.0,0.0,0.0,0.0,0.0
듀크레이 덱시안 피부장벽 크림 200ml,33.33,33.33,33.33,0.0,0.0,0.0
아벤느 트릭세라 밤 400ml ,7.41,68.52000000000001,14.81,0.0,9.26,0.0
[단독기획]바이오더마 아토덤 인텐시브 밤 75ml ,10.0,55.00000000000001,15.0,5.0,15.0,0.0
VT 슈퍼 히알론 크림 55ML,15.379999999999999,53.849999999999994,15.379999999999999,0.0,15.379999999999999,0.0
 싸이닉 히아루론산 수딩젤 더블 기획 (150ml+150ml),27.27,54.55,9.09,0.0,9.09,0.0
정샘물 에센셜 물 크림 50ml,0.0,0.0,100.0,0.0,0.0,0.0
스킨푸드 유자씨 잡티 맑음 크림,0.0,0.0,50.0,0.0,0.0,50.0
[NEW] 차앤박 아쿠아 수딩 젤 크림 80ml,100.0,0.0,0.0,0.0,0.0,0.0
마녀공장 비피다 속보습 수분크림 80ml,100.0,0.0,0.0,0.0,0.0,0.0
닥터자르트 세라마이딘 크림 50ml (리퀴드 31ml 증정),16.85,53.93,21.349999999999998,1.1199999999999999,6.74,0.0
정샘물 에센셜 물크림 라이트 50ml,16.669999999999998,16.669999999999998,50.0,0.0,16.669999999999998,0.0
크리니크 모이스춰 써지 인텐스 72시간 리피드-리플레니싱 하이드레이터,25.0,0.0,25.0,0.0,50.0,0.0
브로앤팁스 윈터 디펜스 크림 100ml,0.0,66.67,33.33,0.0,0.0,0.0
에끌라두 마일드 액티베이션크림 기획 (크림 100g+오일프리선크림 20g),33.33,16.669999999999998,16.669999999999998,16.669999999999998,0.0,16.669999999999998
리얼베리어 인텐스모이스처 크림 50ml 기획 (50ml+20ml),36.36,54.55,0.0,0.0,9.09,0.0
닥터지 더모이스처 배리어 D 멀티밤 50ml,16.669999999999998,73.08,1.28,1.28,7.6899999999999995,0.0
케어존 더마 밀크 히알루로닉 크림 80ml (크림스킨31ml 증정),50.0,50.0,0.0,0.0,0.0,0.0
메이크프렘 세이프 미 릴리프 인텐시브 CP 크림 80ml,22.73,61.36000000000001,2.27,0.0,13.639999999999999,0.0
유리아쥬 제모스 페이스 더블 기획 (40ml+40ml+제모스토너 50ml 증정),15.0,80.0,0.0,0.0,5.0,0.0
피지오겔 레드수딩 AI 인텐시브 리피드크림 50ml,20.0,60.0,0.0,20.0,0.0,0.0
웰라쥬 리얼 히알루로닉 겔크림 75ml,0.0,0.0,0.0,0.0,100.0,0.0
에스티 로더 리바이탈라이징 수프림+ 파워 크림 50ml,50.0,50.0,0.0,0.0,0.0,0.0
닥터디퍼런트 131 모이스처라이저 100ml,24.490000000000002,44.9,16.33,4.08,10.2,0.0
오리진스 MAD 수분 앰플 크림 50ml (30ml 증정),50.0,25.0,25.0,0.0,0.0,0.0
밀크터치 서양송악 진정크림+송악점보패드(60매),33.33,33.33,16.669999999999998,0.0,16.669999999999998,0.0
